camera_matrix:
- - 1551.0373982900965
  - 0.0
  - 986.1704606288541
- - 0.0
  - 1555.1283931719177
  - 499.1737499853678
- - 0.0
  - 0.0
  - 1.0
dist_coeff:
- - 0.15251705481388703
  - -1.0223872115088468
  - -0.0028698791327218796
  - 0.00031695822094024006
  - 1.1720695343398144
new_camera_matrix:
- - 1497.2333984375
  - 0.0
  - 986.0845685286331
- - 0.0
  - 1503.723388671875
  - 495.69562529226096
- - 0.0
  - 0.0
  - 1.0
